ok 126 150 0.0 -90 -70 -90
ok 126 150 0.0 -90 -70 -90
ok 127 149 0.0 -90 -70 -90
ok 129 149 0.0 -90 -70 -90
ok 131 151 0.0 -90 -70 -90
ok 131 154 0.0 -90 -70 -90
ok 129 156 0.0 -90 -70 -90
ok 128 156 0.0 -90 -70 -90
ok 127 155 0.0 -90 -70 -90
ok 125 155 0.0 -90 -70 -90
ok 124 154 0.0 -90 -70 -90
ok 124 151 0.0 -90 -70 -90
ok 125 150 0.0 -90 -70 -90
ok 126 150 15.0 -90 -70 -90
ok 140 149 0.0 -90 -70 -90
ok 140 149 0.0 -90 -70 -90
ok 141 148 0.0 -90 -70 -90
ok 142 149 0.0 -90 -70 -90
ok 141 150 0.0 -90 -70 -90
ok 140 149 15.0 -90 -70 -90