ok 222 0 0.0 0 90 0
ok 168 167 0.0 0 90 0
ok 168 0 0.0 0 90 0
ok 0 0 15.0 0 90 0
ok 20 151 0.0 0 90 0
ok 20 151 0.0 0 90 0
ok 21 150 0.0 0 90 0
ok 22 151 0.0 0 90 0
ok 21 152 0.0 0 90 0
ok 20 151 15.0 0 90 0
ok 126 150 0.0 0 90 0
ok 126 150 0.0 0 90 0
ok 127 149 0.0 0 90 0
ok 129 149 0.0 0 90 0
ok 131 151 0.0 0 90 0
ok 131 154 0.0 0 90 0
ok 129 156 0.0 0 90 0
ok 128 156 0.0 0 90 0
ok 127 155 0.0 0 90 0
ok 125 155 0.0 0 90 0
ok 124 154 0.0 0 90 0
ok 124 151 0.0 0 90 0
ok 125 150 0.0 0 90 0
ok 126 150 15.0 0 90 0
ok 140 149 0.0 0 90 0
ok 140 149 0.0 0 90 0
ok 141 148 0.0 0 90 0
ok 142 149 0.0 0 90 0
ok 141 150 0.0 0 90 0
ok 140 149 15.0 0 90 0
ok 25 145 0.0 0 90 0
ok 25 145 0.0 0 90 0
ok 26 146 0.0 0 90 0
ok 26 147 0.0 0 90 0
ok 22 151 0.0 0 90 0
ok 21 150 0.0 0 90 0
ok 21 149 0.0 0 90 0
ok 25 145 15.0 0 90 0
ok 25 145 0.0 0 90 0
ok 25 145 0.0 0 90 0
ok 26 144 0.0 0 90 0
ok 27 145 0.0 0 90 0
ok 26 146 0.0 0 90 0
ok 25 145 15.0 0 90 0
ok 26 144 0.0 0 90 0
ok 26 144 0.0 0 90 0
ok 27 143 0.0 0 90 0
ok 28 144 0.0 0 90 0
ok 27 145 0.0 0 90 0
ok 26 144 15.0 0 90 0
ok 27 143 0.0 0 90 0
ok 27 143 0.0 0 90 0
ok 28 142 0.0 0 90 0
ok 29 143 0.0 0 90 0
ok 28 144 0.0 0 90 0
ok 27 143 15.0 0 90 0
ok 38 142 0.0 0 90 0
ok 38 142 0.0 0 90 0
ok 39 141 0.0 0 90 0
ok 41 141 0.0 0 90 0
ok 43 143 0.0 0 90 0
ok 43 146 0.0 0 90 0
ok 42 147 0.0 0 90 0
ok 38 147 0.0 0 90 0
ok 37 146 0.0 0 90 0
ok 37 144 0.0 0 90 0
ok 38 143 0.0 0 90 0
ok 38 142 15.0 0 90 0
ok 131 139 0.0 0 90 0
ok 131 139 0.0 0 90 0
ok 132 138 0.0 0 90 0
ok 133 138 0.0 0 90 0
ok 140 145 0.0 0 90 0
ok 140 146 0.0 0 90 0
ok 141 147 0.0 0 90 0
ok 141 148 0.0 0 90 0
ok 140 149 0.0 0 90 0
ok 131 140 0.0 0 90 0
ok 131 139 15.0 0 90 0
ok 74 139 0.0 0 90 0
ok 74 139 0.0 0 90 0
ok 75 138 0.0 0 90 0
ok 76 138 0.0 0 90 0
ok 77 139 0.0 0 90 0
ok 78 139 0.0 0 90 0
ok 79 140 0.0 0 90 0
ok 79 143 0.0 0 90 0
ok 80 144 0.0 0 90 0
ok 77 147 0.0 0 90 0
ok 75 147 0.0 0 90 0
ok 74 146 0.0 0 90 0
ok 72 146 0.0 0 90 0
ok 71 145 0.0 0 90 0
ok 71 142 0.0 0 90 0
ok 72 141 0.0 0 90 0
ok 73 141 0.0 0 90 0
ok 74 140 0.0 0 90 0
ok 74 139 15.0 0 90 0
ok 44 130 0.0 0 90 0
ok 44 130 0.0 0 90 0
ok 45 129 0.0 0 90 0
ok 46 129 0.0 0 90 0
ok 47 130 0.0 0 90 0
ok 47 131 0.0 0 90 0
ok 46 132 0.0 0 90 0
ok 45 132 0.0 0 90 0
ok 44 133 0.0 0 90 0
ok 43 133 0.0 0 90 0
ok 42 134 0.0 0 90 0
ok 41 134 0.0 0 90 0
ok 40 133 0.0 0 90 0
ok 43 130 0.0 0 90 0
ok 44 130 15.0 0 90 0
ok 65 123 0.0 0 90 0
ok 65 123 0.0 0 90 0
ok 66 122 0.0 0 90 0
ok 69 122 0.0 0 90 0
ok 70 123 0.0 0 90 0
ok 70 124 0.0 0 90 0
ok 69 125 0.0 0 90 0
ok 61 125 0.0 0 90 0
ok 60 124 0.0 0 90 0
ok 61 123 0.0 0 90 0
ok 65 123 15.0 0 90 0
ok 23 117 0.0 0 90 0
ok 23 117 0.0 0 90 0
ok 24 117 0.0 0 90 0
ok 25 118 0.0 0 90 0
ok 28 118 0.0 0 90 0
ok 29 119 0.0 0 90 0
ok 29 120 0.0 0 90 0
ok 30 121 0.0 0 90 0
ok 30 122 0.0 0 90 0
ok 28 124 0.0 0 90 0
ok 27 124 0.0 0 90 0
ok 27 125 0.0 0 90 0
ok 26 126 0.0 0 90 0
ok 23 126 0.0 0 90 0
ok 21 124 0.0 0 90 0
ok 21 123 0.0 0 90 0
ok 22 122 0.0 0 90 0
ok 22 121 0.0 0 90 0
ok 21 120 0.0 0 90 0
ok 21 119 0.0 0 90 0
ok 23 117 15.0 0 90 0
ok 137 104 0.0 0 90 0
ok 137 104 0.0 0 90 0
ok 138 103 0.0 0 90 0
ok 139 103 0.0 0 90 0
ok 140 104 0.0 0 90 0
ok 144 104 0.0 0 90 0
ok 145 105 0.0 0 90 0
ok 145 110 0.0 0 90 0
ok 144 111 0.0 0 90 0
ok 143 111 0.0 0 90 0
ok 141 113 0.0 0 90 0
ok 140 112 0.0 0 90 0
ok 139 112 0.0 0 90 0
ok 137 110 0.0 0 90 0
ok 137 109 0.0 0 90 0
ok 138 108 0.0 0 90 0
ok 138 107 0.0 0 90 0
ok 137 106 0.0 0 90 0
ok 137 104 15.0 0 90 0
ok 44 78 0.0 0 90 0
ok 44 78 0.0 0 90 0
ok 45 77 0.0 0 90 0
ok 52 77 0.0 0 90 0
ok 53 78 0.0 0 90 0
ok 54 78 0.0 0 90 0
ok 60 84 0.0 0 90 0
ok 60 87 0.0 0 90 0
ok 61 88 0.0 0 90 0
ok 61 91 0.0 0 90 0
ok 60 92 0.0 0 90 0
ok 60 94 0.0 0 90 0
ok 58 96 0.0 0 90 0
ok 58 97 0.0 0 90 0
ok 56 99 0.0 0 90 0
ok 56 100 0.0 0 90 0
ok 55 101 0.0 0 90 0
ok 54 101 0.0 0 90 0
ok 51 104 0.0 0 90 0
ok 51 107 0.0 0 90 0
ok 50 108 0.0 0 90 0
ok 50 109 0.0 0 90 0
ok 47 112 0.0 0 90 0
ok 47 114 0.0 0 90 0
ok 48 115 0.0 0 90 0
ok 48 117 0.0 0 90 0
ok 49 118 0.0 0 90 0
ok 49 121 0.0 0 90 0
ok 50 122 0.0 0 90 0
ok 50 123 0.0 0 90 0
ok 51 124 0.0 0 90 0
ok 51 125 0.0 0 90 0
ok 53 127 0.0 0 90 0
ok 53 133 0.0 0 90 0
ok 54 134 0.0 0 90 0
ok 54 135 0.0 0 90 0
ok 55 136 0.0 0 90 0
ok 55 138 0.0 0 90 0
ok 57 140 0.0 0 90 0
ok 59 140 0.0 0 90 0
ok 60 139 0.0 0 90 0
ok 63 139 0.0 0 90 0
ok 64 140 0.0 0 90 0
ok 64 141 0.0 0 90 0
ok 63 142 0.0 0 90 0
ok 62 142 0.0 0 90 0
ok 61 143 0.0 0 90 0
ok 59 143 0.0 0 90 0
ok 59 144 0.0 0 90 0
ok 57 146 0.0 0 90 0
ok 53 146 0.0 0 90 0
ok 52 147 0.0 0 90 0
ok 50 147 0.0 0 90 0
ok 49 146 0.0 0 90 0
ok 49 145 0.0 0 90 0
ok 53 141 0.0 0 90 0
ok 53 140 0.0 0 90 0
ok 52 139 0.0 0 90 0
ok 52 138 0.0 0 90 0
ok 50 136 0.0 0 90 0
ok 50 131 0.0 0 90 0
ok 49 130 0.0 0 90 0
ok 49 129 0.0 0 90 0
ok 48 128 0.0 0 90 0
ok 48 127 0.0 0 90 0
ok 47 126 0.0 0 90 0
ok 47 125 0.0 0 90 0
ok 46 124 0.0 0 90 0
ok 46 123 0.0 0 90 0
ok 45 122 0.0 0 90 0
ok 45 118 0.0 0 90 0
ok 44 117 0.0 0 90 0
ok 44 115 0.0 0 90 0
ok 41 112 0.0 0 90 0
ok 40 112 0.0 0 90 0
ok 38 110 0.0 0 90 0
ok 37 110 0.0 0 90 0
ok 32 105 0.0 0 90 0
ok 32 102 0.0 0 90 0
ok 33 101 0.0 0 90 0
ok 33 98 0.0 0 90 0
ok 34 97 0.0 0 90 0
ok 34 92 0.0 0 90 0
ok 35 91 0.0 0 90 0
ok 35 87 0.0 0 90 0
ok 36 86 0.0 0 90 0
ok 36 85 0.0 0 90 0
ok 37 84 0.0 0 90 0
ok 37 83 0.0 0 90 0
ok 42 78 0.0 0 90 0
ok 44 78 15.0 0 90 0
ok 45 81 0.0 0 90 0
ok 45 81 0.0 0 90 0
ok 43 83 0.0 0 90 0
ok 42 83 0.0 0 90 0
ok 40 85 0.0 0 90 0
ok 40 86 0.0 0 90 0
ok 39 87 0.0 0 90 0
ok 39 91 0.0 0 90 0
ok 40 90 0.0 0 90 0
ok 48 90 0.0 0 90 0
ok 49 91 0.0 0 90 0
ok 50 91 0.0 0 90 0
ok 52 93 0.0 0 90 0
ok 52 94 0.0 0 90 0
ok 54 96 0.0 0 90 0
ok 54 94 0.0 0 90 0
ok 55 93 0.0 0 90 0
ok 56 93 0.0 0 90 0
ok 56 92 0.0 0 90 0
ok 57 91 0.0 0 90 0
ok 57 87 0.0 0 90 0
ok 56 86 0.0 0 90 0
ok 56 85 0.0 0 90 0
ok 53 82 0.0 0 90 0
ok 52 82 0.0 0 90 0
ok 51 81 0.0 0 90 0
ok 45 81 15.0 0 90 0
ok 130 66 0.0 0 90 0
ok 130 66 0.0 0 90 0
ok 131 65 0.0 0 90 0
ok 133 65 0.0 0 90 0
ok 135 67 0.0 0 90 0
ok 135 73 0.0 0 90 0
ok 134 74 0.0 0 90 0
ok 134 75 0.0 0 90 0
ok 132 77 0.0 0 90 0
ok 130 77 0.0 0 90 0
ok 129 78 0.0 0 90 0
ok 125 78 0.0 0 90 0
ok 123 76 0.0 0 90 0
ok 123 71 0.0 0 90 0
ok 125 69 0.0 0 90 0
ok 125 67 0.0 0 90 0
ok 126 66 0.0 0 90 0
ok 130 66 15.0 0 90 0
ok 127 72 0.0 0 90 0
ok 127 72 0.0 0 90 0
ok 127 72 15.0 0 90 0
ok 128 70 0.0 0 90 0
ok 128 70 0.0 0 90 0
ok 129 70 0.0 0 90 0
ok 128 70 15.0 0 90 0
ok 33 51 0.0 0 90 0
ok 33 51 0.0 0 90 0
ok 34 50 0.0 0 90 0
ok 36 52 0.0 0 90 0
ok 36 57 0.0 0 90 0
ok 35 58 0.0 0 90 0
ok 34 58 0.0 0 90 0
ok 33 59 0.0 0 90 0
ok 31 59 0.0 0 90 0
ok 30 58 0.0 0 90 0
ok 29 58 0.0 0 90 0
ok 28 59 0.0 0 90 0
ok 26 57 0.0 0 90 0
ok 26 56 0.0 0 90 0
ok 27 55 0.0 0 90 0
ok 27 52 0.0 0 90 0
ok 28 51 0.0 0 90 0
ok 30 53 0.0 0 90 0
ok 31 53 0.0 0 90 0
ok 31 52 0.0 0 90 0
ok 32 51 0.0 0 90 0
ok 33 51 15.0 0 90 0
ok 96 34 0.0 0 90 0
ok 96 34 0.0 0 90 0
ok 97 33 0.0 0 90 0
ok 101 37 0.0 0 90 0
ok 101 38 0.0 0 90 0
ok 102 39 0.0 0 90 0
ok 102 41 0.0 0 90 0
ok 101 42 0.0 0 90 0
ok 94 35 0.0 0 90 0
ok 95 34 0.0 0 90 0
ok 96 34 15.0 0 90 0
ok 143 32 0.0 0 90 0
ok 143 32 0.0 0 90 0
ok 144 31 0.0 0 90 0
ok 145 32 0.0 0 90 0
ok 145 35 0.0 0 90 0
ok 149 35 0.0 0 90 0
ok 150 34 0.0 0 90 0
ok 151 34 0.0 0 90 0
ok 152 33 0.0 0 90 0
ok 154 33 0.0 0 90 0
ok 155 32 0.0 0 90 0
ok 156 32 0.0 0 90 0
ok 157 33 0.0 0 90 0
ok 157 35 0.0 0 90 0
ok 156 36 0.0 0 90 0
ok 155 36 0.0 0 90 0
ok 153 38 0.0 0 90 0
ok 152 38 0.0 0 90 0
ok 149 41 0.0 0 90 0
ok 147 41 0.0 0 90 0
ok 146 42 0.0 0 90 0
ok 145 42 0.0 0 90 0
ok 144 43 0.0 0 90 0
ok 141 43 0.0 0 90 0
ok 139 45 0.0 0 90 0
ok 139 48 0.0 0 90 0
ok 136 51 0.0 0 90 0
ok 135 51 0.0 0 90 0
ok 134 52 0.0 0 90 0
ok 133 52 0.0 0 90 0
ok 132 53 0.0 0 90 0
ok 131 53 0.0 0 90 0
ok 130 54 0.0 0 90 0
ok 129 54 0.0 0 90 0
ok 128 55 0.0 0 90 0
ok 127 55 0.0 0 90 0
ok 126 56 0.0 0 90 0
ok 122 56 0.0 0 90 0
ok 121 57 0.0 0 90 0
ok 120 57 0.0 0 90 0
ok 119 58 0.0 0 90 0
ok 117 58 0.0 0 90 0
ok 116 59 0.0 0 90 0
ok 113 59 0.0 0 90 0
ok 112 60 0.0 0 90 0
ok 111 60 0.0 0 90 0
ok 110 61 0.0 0 90 0
ok 108 61 0.0 0 90 0
ok 107 62 0.0 0 90 0
ok 106 62 0.0 0 90 0
ok 105 63 0.0 0 90 0
ok 103 63 0.0 0 90 0
ok 102 64 0.0 0 90 0
ok 99 64 0.0 0 90 0
ok 97 66 0.0 0 90 0
ok 98 67 0.0 0 90 0
ok 99 67 0.0 0 90 0
ok 102 70 0.0 0 90 0
ok 102 71 0.0 0 90 0
ok 104 73 0.0 0 90 0
ok 104 74 0.0 0 90 0
ok 105 75 0.0 0 90 0
ok 105 79 0.0 0 90 0
ok 103 81 0.0 0 90 0
ok 103 83 0.0 0 90 0
ok 102 84 0.0 0 90 0
ok 102 93 0.0 0 90 0
ok 101 94 0.0 0 90 0
ok 101 96 0.0 0 90 0
ok 100 97 0.0 0 90 0
ok 100 104 0.0 0 90 0
ok 101 105 0.0 0 90 0
ok 101 110 0.0 0 90 0
ok 102 111 0.0 0 90 0
ok 102 112 0.0 0 90 0
ok 109 119 0.0 0 90 0
ok 109 120 0.0 0 90 0
ok 110 121 0.0 0 90 0
ok 112 121 0.0 0 90 0
ok 112 119 0.0 0 90 0
ok 113 118 0.0 0 90 0
ok 113 114 0.0 0 90 0
ok 114 113 0.0 0 90 0
ok 114 111 0.0 0 90 0
ok 115 110 0.0 0 90 0
ok 115 109 0.0 0 90 0
ok 116 108 0.0 0 90 0
ok 116 107 0.0 0 90 0
ok 117 106 0.0 0 90 0
ok 117 105 0.0 0 90 0
ok 119 103 0.0 0 90 0
ok 121 105 0.0 0 90 0
ok 121 107 0.0 0 90 0
ok 120 108 0.0 0 90 0
ok 120 110 0.0 0 90 0
ok 119 111 0.0 0 90 0
ok 119 117 0.0 0 90 0
ok 118 118 0.0 0 90 0
ok 118 129 0.0 0 90 0
ok 120 131 0.0 0 90 0
ok 121 131 0.0 0 90 0
ok 122 132 0.0 0 90 0
ok 123 132 0.0 0 90 0
ok 128 137 0.0 0 90 0
ok 128 139 0.0 0 90 0
ok 127 140 0.0 0 90 0
ok 127 141 0.0 0 90 0
ok 125 143 0.0 0 90 0
ok 124 143 0.0 0 90 0
ok 120 147 0.0 0 90 0
ok 118 147 0.0 0 90 0
ok 117 148 0.0 0 90 0
ok 116 148 0.0 0 90 0
ok 115 149 0.0 0 90 0
ok 114 149 0.0 0 90 0
ok 113 150 0.0 0 90 0
ok 109 150 0.0 0 90 0
ok 108 151 0.0 0 90 0
ok 99 151 0.0 0 90 0
ok 98 150 0.0 0 90 0
ok 94 150 0.0 0 90 0
ok 93 149 0.0 0 90 0
ok 91 149 0.0 0 90 0
ok 89 147 0.0 0 90 0
ok 88 147 0.0 0 90 0
ok 87 146 0.0 0 90 0
ok 87 145 0.0 0 90 0
ok 85 143 0.0 0 90 0
ok 85 136 0.0 0 90 0
ok 86 135 0.0 0 90 0
ok 86 134 0.0 0 90 0
ok 82 130 0.0 0 90 0
ok 82 128 0.0 0 90 0
ok 76 128 0.0 0 90 0
ok 75 129 0.0 0 90 0
ok 72 129 0.0 0 90 0
ok 70 127 0.0 0 90 0
ok 73 124 0.0 0 90 0
ok 72 123 0.0 0 90 0
ok 73 122 0.0 0 90 0
ok 73 120 0.0 0 90 0
ok 74 119 0.0 0 90 0
ok 74 117 0.0 0 90 0
ok 75 116 0.0 0 90 0
ok 75 114 0.0 0 90 0
ok 76 113 0.0 0 90 0
ok 76 111 0.0 0 90 0
ok 77 110 0.0 0 90 0
ok 77 109 0.0 0 90 0
ok 78 108 0.0 0 90 0
ok 78 103 0.0 0 90 0
ok 79 102 0.0 0 90 0
ok 79 97 0.0 0 90 0
ok 78 96 0.0 0 90 0
ok 78 79 0.0 0 90 0
ok 77 78 0.0 0 90 0
ok 77 77 0.0 0 90 0
ok 76 76 0.0 0 90 0
ok 77 75 0.0 0 90 0
ok 77 73 0.0 0 90 0
ok 78 72 0.0 0 90 0
ok 78 65 0.0 0 90 0
ok 80 63 0.0 0 90 0
ok 80 59 0.0 0 90 0
ok 79 58 0.0 0 90 0
ok 79 56 0.0 0 90 0
ok 78 55 0.0 0 90 0
ok 78 51 0.0 0 90 0
ok 79 50 0.0 0 90 0
ok 79 49 0.0 0 90 0
ok 80 48 0.0 0 90 0
ok 79 47 0.0 0 90 0
ok 79 46 0.0 0 90 0
ok 78 45 0.0 0 90 0
ok 78 40 0.0 0 90 0
ok 80 38 0.0 0 90 0
ok 80 36 0.0 0 90 0
ok 81 35 0.0 0 90 0
ok 81 34 0.0 0 90 0
ok 83 32 0.0 0 90 0
ok 84 32 0.0 0 90 0
ok 86 34 0.0 0 90 0
ok 88 32 0.0 0 90 0
ok 89 32 0.0 0 90 0
ok 90 33 0.0 0 90 0
ok 93 33 0.0 0 90 0
ok 94 34 0.0 0 90 0
ok 94 35 0.0 0 90 0
ok 93 36 0.0 0 90 0
ok 88 36 0.0 0 90 0
ok 87 37 0.0 0 90 0
ok 85 37 0.0 0 90 0
ok 84 38 0.0 0 90 0
ok 84 41 0.0 0 90 0
ok 86 41 0.0 0 90 0
ok 88 43 0.0 0 90 0
ok 92 43 0.0 0 90 0
ok 93 44 0.0 0 90 0
ok 95 44 0.0 0 90 0
ok 98 47 0.0 0 90 0
ok 99 47 0.0 0 90 0
ok 100 46 0.0 0 90 0
ok 100 43 0.0 0 90 0
ok 101 42 0.0 0 90 0
ok 104 45 0.0 0 90 0
ok 104 47 0.0 0 90 0
ok 100 51 0.0 0 90 0
ok 100 52 0.0 0 90 0
ok 97 55 0.0 0 90 0
ok 97 56 0.0 0 90 0
ok 96 57 0.0 0 90 0
ok 96 59 0.0 0 90 0
ok 97 59 0.0 0 90 0
ok 98 58 0.0 0 90 0
ok 100 58 0.0 0 90 0
ok 101 57 0.0 0 90 0
ok 104 57 0.0 0 90 0
ok 105 56 0.0 0 90 0
ok 106 56 0.0 0 90 0
ok 107 55 0.0 0 90 0
ok 109 55 0.0 0 90 0
ok 110 54 0.0 0 90 0
ok 111 54 0.0 0 90 0
ok 112 53 0.0 0 90 0
ok 114 53 0.0 0 90 0
ok 115 52 0.0 0 90 0
ok 116 52 0.0 0 90 0
ok 117 53 0.0 0 90 0
ok 120 50 0.0 0 90 0
ok 121 50 0.0 0 90 0
ok 125 46 0.0 0 90 0
ok 126 46 0.0 0 90 0
ok 126 45 0.0 0 90 0
ok 130 41 0.0 0 90 0
ok 131 41 0.0 0 90 0
ok 134 38 0.0 0 90 0
ok 135 38 0.0 0 90 0
ok 136 37 0.0 0 90 0
ok 137 37 0.0 0 90 0
ok 139 35 0.0 0 90 0
ok 140 35 0.0 0 90 0
ok 141 34 0.0 0 90 0
ok 141 33 0.0 0 90 0
ok 142 32 0.0 0 90 0
ok 143 32 15.0 0 90 0
ok 119 133 0.0 0 90 0
ok 119 133 0.0 0 90 0
ok 118 134 0.0 0 90 0
ok 118 135 0.0 0 90 0
ok 123 135 0.0 0 90 0
ok 122 134 0.0 0 90 0
ok 120 134 0.0 0 90 0
ok 119 133 15.0 0 90 0
ok 103 124 0.0 0 90 0
ok 103 124 0.0 0 90 0
ok 104 125 0.0 0 90 0
ok 103 124 15.0 0 90 0
ok 95 101 0.0 0 90 0
ok 95 101 0.0 0 90 0
ok 95 102 0.0 0 90 0
ok 94 103 0.0 0 90 0
ok 95 102 0.0 0 90 0
ok 95 101 15.0 0 90 0
ok 98 80 0.0 0 90 0
ok 98 80 0.0 0 90 0
ok 98 91 0.0 0 90 0
ok 97 92 0.0 0 90 0
ok 97 96 0.0 0 90 0
ok 98 95 0.0 0 90 0
ok 98 91 0.0 0 90 0
ok 99 90 0.0 0 90 0
ok 99 86 0.0 0 90 0
ok 100 85 0.0 0 90 0
ok 100 80 0.0 0 90 0
ok 98 80 15.0 0 90 0
ok 86 54 0.0 0 90 0
ok 86 54 0.0 0 90 0
ok 85 55 0.0 0 90 0
ok 83 55 0.0 0 90 0
ok 83 56 0.0 0 90 0
ok 84 56 0.0 0 90 0
ok 85 57 0.0 0 90 0
ok 86 57 0.0 0 90 0
ok 87 58 0.0 0 90 0
ok 87 59 0.0 0 90 0
ok 87 54 0.0 0 90 0
ok 86 54 15.0 0 90 0
ok 85 46 0.0 0 90 0
ok 85 46 0.0 0 90 0
ok 84 47 0.0 0 90 0
ok 82 47 0.0 0 90 0
ok 82 49 0.0 0 90 0
ok 83 48 0.0 0 90 0
ok 85 48 0.0 0 90 0
ok 87 50 0.0 0 90 0
ok 87 51 0.0 0 90 0
ok 88 50 0.0 0 90 0
ok 91 50 0.0 0 90 0
ok 92 51 0.0 0 90 0
ok 92 55 0.0 0 90 0
ok 93 56 0.0 0 90 0
ok 95 54 0.0 0 90 0
ok 95 52 0.0 0 90 0
ok 94 51 0.0 0 90 0
ok 94 50 0.0 0 90 0
ok 92 48 0.0 0 90 0
ok 90 48 0.0 0 90 0
ok 89 47 0.0 0 90 0
ok 87 47 0.0 0 90 0
ok 86 46 0.0 0 90 0
ok 85 46 15.0 0 90 0
ok 58 22 0.0 0 90 0
ok 58 22 0.0 0 90 0
ok 59 21 0.0 0 90 0
ok 60 21 0.0 0 90 0
ok 61 22 0.0 0 90 0
ok 63 22 0.0 0 90 0
ok 64 21 0.0 0 90 0
ok 65 21 0.0 0 90 0
ok 66 22 0.0 0 90 0
ok 66 27 0.0 0 90 0
ok 65 28 0.0 0 90 0
ok 64 28 0.0 0 90 0
ok 63 29 0.0 0 90 0
ok 58 29 0.0 0 90 0
ok 57 28 0.0 0 90 0
ok 57 26 0.0 0 90 0
ok 58 25 0.0 0 90 0
ok 58 22 15.0 0 90 0